0.conv 16 3 3 3 2 2 1 1 1 1 1 2.056610212e-02 0.000000000e+00 0
1.conv 32 16 3 3 2 2 1 1 1 1 1 2.180379257e-02 -6.541137397e-02 0
2.cv1.conv 35 32 1 1 1 1 0 0 1 1 1 1.341214776e-02 -4.023644328e-02 0
2.cv2.conv 64 64 1 1 1 1 0 0 1 1 1 1.057274360e-02 -1.585911512e-01 0
2.m.0.cv1.conv 8 29 3 3 1 1 1 1 1 1 1 5.569290742e-02 -2.784645557e-01 0
2.m.0.cv2.conv 29 8 3 3 1 1 1 1 1 1 1 9.918770753e-03 -1.686191112e-01 0
3.conv 64 64 3 3 2 2 1 1 1 1 1 4.224396776e-03 -5.491715670e-02 0
4.cv1.conv 75 64 1 1 1 1 0 0 1 1 1 7.159069646e-03 -1.217041835e-01 0
4.cv2.conv 128 123 1 1 1 1 0 0 1 1 1 8.569564670e-03 -1.970999837e-01 0
4.m.0.cv1.conv 16 48 3 3 1 1 1 1 1 1 1 1.547025330e-02 -2.784645557e-01 0
4.m.0.cv2.conv 48 16 3 3 1 1 1 1 1 1 1 5.057408940e-03 -1.213778034e-01 0
5.conv 128 128 3 3 2 2 1 1 1 1 1 4.532488529e-03 -8.611728996e-02 0
6.cv1.conv 128 128 1 1 1 1 0 0 1 1 1 7.237528916e-03 -1.592256427e-01 0
6.cv2.conv 128 192 1 1 1 1 0 0 1 1 1 6.770330947e-03 -1.083252952e-01 0
6.m.0.cv1.conv 53 88 1 1 1 1 0 0 1 1 1 2.531495877e-02 -2.784645557e-01 0
6.m.0.cv2.conv 32 88 1 1 1 1 0 0 1 1 1 2.531495877e-02 -2.784645557e-01 0
6.m.0.cv3.conv 64 85 1 1 1 1 0 0 1 1 1 1.033850480e-02 -2.171085924e-01 0
6.m.0.m.0.cv1.conv 32 53 3 3 1 1 1 1 1 1 1 5.641391966e-03 -1.466761976e-01 0
6.m.0.m.0.cv2.conv 53 32 3 3 1 1 1 1 1 1 1 5.434459541e-03 -1.195581034e-01 0
6.m.0.m.1.cv1.conv 32 53 3 3 1 1 1 1 1 1 1 5.519526079e-03 -1.711053103e-01 0
6.m.0.m.1.cv2.conv 53 32 3 3 1 1 1 1 1 1 1 5.796977784e-03 -1.449244320e-01 0
7.conv 256 128 3 3 2 2 1 1 1 1 1 5.117782857e-03 -1.023556590e-01 0
8.cv1.conv 256 256 1 1 1 1 0 0 1 1 1 7.815637626e-03 -1.563127637e-01 0
8.cv2.conv 346 384 1 1 1 1 0 0 1 1 1 7.497264538e-03 -1.199562252e-01 0
8.m.0.cv1.conv 105 155 1 1 1 1 0 0 1 1 1 2.386835776e-02 -2.864202857e-01 0
8.m.0.cv2.conv 64 155 1 1 1 1 0 0 1 1 1 2.386835776e-02 -2.864202857e-01 0
8.m.0.cv3.conv 128 169 1 1 1 1 0 0 1 1 1 8.238074370e-03 -1.729995608e-01 0
8.m.0.m.0.cv1.conv 64 105 3 3 1 1 1 1 1 1 1 5.019291304e-03 -1.405401677e-01 0
8.m.0.m.0.cv2.conv 105 64 3 3 1 1 1 1 1 1 1 5.078059621e-03 -1.117173135e-01 0
8.m.0.m.1.cv1.conv 64 105 3 3 1 1 1 1 1 1 1 5.574264564e-03 -1.226338297e-01 0
8.m.0.m.1.cv2.conv 105 64 3 3 1 1 1 1 1 1 1 7.341380697e-03 -1.541689932e-01 0
9.cv1.conv 128 346 1 1 1 1 0 0 1 1 0 9.059027769e-03 -1.358854175e-01 0
9.cv2.conv 346 512 1 1 1 1 0 0 1 1 1 9.186841547e-03 -9.278709888e-01 0
10.cv1.conv 293 346 1 1 1 1 0 0 1 1 1 8.299584500e-03 -2.323883772e-01 0
10.cv2.conv 256 293 1 1 1 1 0 0 1 1 1 7.886180654e-03 -8.201628327e-01 0
10.m.0.attn.qkv.conv 512 256 1 1 1 1 0 0 1 1 0 3.480806947e-02 -2.784645557e-01 0
10.m.0.attn.proj.conv 256 256 1 1 1 1 0 0 1 1 0 6.717265118e-03 -8.933961987e-01 0
10.m.0.attn.pe.conv 256 256 3 3 1 1 1 1 256 0 0 0.000000000e+00 0.000000000e+00 0
10.m.0.ffn.0.conv 256 256 1 1 1 1 0 0 1 1 1 7.649779320e-03 -6.043325663e-01 0
10.m.0.ffn.1.conv 256 256 1 1 1 1 0 0 1 1 0 7.371675223e-03 -2.653803229e-01 0
13.cv1.conv 128 384 1 1 1 1 0 0 1 1 1 6.557704415e-03 -1.508271992e-01 0
13.cv2.conv 128 192 1 1 1 1 0 0 1 1 1 6.868011318e-03 -1.304922104e-01 0
13.m.0.cv1.conv 52 82 1 1 1 1 0 0 1 1 1 2.005684935e-02 -2.807959020e-01 0
13.m.0.cv2.conv 32 82 1 1 1 1 0 0 1 1 1 2.005684935e-02 -2.807959020e-01 0
13.m.0.cv3.conv 64 84 1 1 1 1 0 0 1 1 1 7.475330960e-03 -1.420312822e-01 0
13.m.0.m.0.cv1.conv 32 52 3 3 1 1 1 1 1 1 1 5.364811979e-03 -1.126610562e-01 0
13.m.0.m.0.cv2.conv 52 32 3 3 1 1 1 1 1 1 1 5.009897519e-03 -1.052078530e-01 0
13.m.0.m.1.cv1.conv 32 52 3 3 1 1 1 1 1 1 1 4.659453407e-03 -1.071674228e-01 0
13.m.0.m.1.cv2.conv 52 32 3 3 1 1 1 1 1 1 1 5.510089453e-03 -1.046916991e-01 0
16.cv1.conv 64 256 1 1 1 1 0 0 1 1 1 6.012313999e-03 -1.322709173e-01 0
16.cv2.conv 64 96 1 1 1 1 0 0 1 1 1 1.128445007e-02 -1.805512011e-01 0
16.m.0.cv1.conv 27 60 1 1 1 1 0 0 1 1 1 1.638026908e-02 -2.784645557e-01 0
16.m.0.cv2.conv 16 60 1 1 1 1 0 0 1 1 1 1.638026908e-02 -2.784645557e-01 0
16.m.0.cv3.conv 32 43 1 1 1 1 0 0 1 1 1 2.123793960e-02 -1.486655772e-01 0
16.m.0.m.0.cv1.conv 16 27 3 3 1 1 1 1 1 1 1 5.925178528e-03 -2.488574982e-01 0
16.m.0.m.0.cv2.conv 27 16 3 3 1 1 1 1 1 1 1 5.833002739e-03 -9.332804382e-02 0
16.m.0.m.1.cv1.conv 16 27 3 3 1 1 1 1 1 1 1 6.445624866e-03 -1.740318686e-01 0
16.m.0.m.1.cv2.conv 27 16 3 3 1 1 1 1 1 1 1 1.463317126e-02 -2.926634252e-01 0
17.conv 64 64 3 3 2 2 1 1 1 1 1 5.642558448e-03 -1.354214102e-01 0
19.cv1.conv 128 192 1 1 1 1 0 0 1 1 1 7.654512301e-03 -1.454357356e-01 0
19.cv2.conv 128 192 1 1 1 1 0 0 1 1 1 1.483784150e-02 -1.335405707e-01 0
19.m.0.cv1.conv 54 107 1 1 1 1 0 0 1 1 1 2.791541815e-02 -2.791541815e-01 0
19.m.0.cv2.conv 32 107 1 1 1 1 0 0 1 1 1 2.791541815e-02 -2.791541815e-01 0
19.m.0.cv3.conv 64 86 1 1 1 1 0 0 1 1 1 1.357080415e-02 -3.392701149e-01 0
19.m.0.m.0.cv1.conv 32 54 3 3 1 1 1 1 1 1 1 6.756659131e-03 -2.567530274e-01 0
19.m.0.m.0.cv2.conv 54 32 3 3 1 1 1 1 1 1 1 5.331629422e-03 -9.596932679e-02 0
19.m.0.m.1.cv1.conv 32 54 3 3 1 1 1 1 1 1 1 7.288525347e-03 -3.134065866e-01 0
19.m.0.m.1.cv2.conv 54 32 3 3 1 1 1 1 1 1 1 9.161686525e-03 -1.191019192e-01 0
20.conv 128 128 3 3 2 2 1 1 1 1 1 4.690357484e-03 -7.973607630e-02 0
22.cv1.conv 407 384 1 1 1 1 0 0 1 1 1 9.217076004e-03 -1.751244515e-01 0
22.cv2.conv 256 663 1 1 1 1 0 0 1 1 1 1.323072240e-02 -1.667070985e+00 0
22.m.0.0.cv1.conv 64 256 3 3 1 1 1 1 1 1 1 2.784645557e-02 -2.784645557e-01 0
22.m.0.0.cv2.conv 256 64 3 3 1 1 1 1 1 1 1 7.394463755e-03 -2.366228551e-01 0
22.m.0.1.attn.qkv.conv 512 256 1 1 1 1 0 0 1 1 0 1.169705950e-02 -3.977000415e-01 0
22.m.0.1.attn.proj.conv 256 256 1 1 1 1 0 0 1 1 0 7.116659079e-03 -1.024798870e+00 0
22.m.0.1.attn.pe.conv 256 256 3 3 1 1 1 1 256 0 0 0.000000000e+00 0.000000000e+00 0
22.m.0.1.ffn.0.conv 256 256 1 1 1 1 0 0 1 1 1 1.283904444e-02 -1.155514002e+00 0
22.m.0.1.ffn.1.conv 256 256 1 1 1 1 0 0 1 1 0 5.354019813e-03 -1.873907000e-01 0
23.cv2.0.0.conv 32 64 3 3 1 1 1 1 1 0 1 0.000000000e+00 0.000000000e+00 0
23.cv2.0.1.conv 32 32 3 3 1 1 1 1 1 0 1 0.000000000e+00 0.000000000e+00 0
23.cv2.0.2 4 32 1 1 1 1 0 0 1 0 0 0.000000000e+00 0.000000000e+00 0
23.cv2.1.0.conv 32 128 3 3 1 1 1 1 1 0 1 0.000000000e+00 0.000000000e+00 0
23.cv2.1.1.conv 32 32 3 3 1 1 1 1 1 0 1 0.000000000e+00 0.000000000e+00 0
23.cv2.1.2 4 32 1 1 1 1 0 0 1 0 0 0.000000000e+00 0.000000000e+00 0
23.cv2.2.0.conv 32 256 3 3 1 1 1 1 1 0 1 0.000000000e+00 0.000000000e+00 0
23.cv2.2.1.conv 32 32 3 3 1 1 1 1 1 0 1 0.000000000e+00 0.000000000e+00 0
23.cv2.2.2 4 32 1 1 1 1 0 0 1 0 0 0.000000000e+00 0.000000000e+00 0
23.cv3.0.0.0.conv 64 64 3 3 1 1 1 1 64 0 1 0.000000000e+00 0.000000000e+00 0
23.cv3.0.0.1.conv 128 64 1 1 1 1 0 0 1 0 1 0.000000000e+00 0.000000000e+00 0
23.cv3.0.1.0.conv 128 128 3 3 1 1 1 1 128 0 1 0.000000000e+00 0.000000000e+00 0
23.cv3.0.1.1.conv 128 128 1 1 1 1 0 0 1 0 1 0.000000000e+00 0.000000000e+00 0
23.cv3.0.2 4 128 1 1 1 1 0 0 1 0 0 0.000000000e+00 0.000000000e+00 0
23.cv3.1.0.0.conv 128 128 3 3 1 1 1 1 128 0 1 0.000000000e+00 0.000000000e+00 0
23.cv3.1.0.1.conv 128 128 1 1 1 1 0 0 1 0 1 0.000000000e+00 0.000000000e+00 0
23.cv3.1.1.0.conv 128 128 3 3 1 1 1 1 128 0 1 0.000000000e+00 0.000000000e+00 0
23.cv3.1.1.1.conv 128 128 1 1 1 1 0 0 1 0 1 0.000000000e+00 0.000000000e+00 0
23.cv3.1.2 4 128 1 1 1 1 0 0 1 0 0 0.000000000e+00 0.000000000e+00 0
23.cv3.2.0.0.conv 256 256 3 3 1 1 1 1 256 0 1 0.000000000e+00 0.000000000e+00 0
23.cv3.2.0.1.conv 128 256 1 1 1 1 0 0 1 0 1 0.000000000e+00 0.000000000e+00 0
23.cv3.2.1.0.conv 128 128 3 3 1 1 1 1 128 0 1 0.000000000e+00 0.000000000e+00 0
23.cv3.2.1.1.conv 128 128 1 1 1 1 0 0 1 0 1 0.000000000e+00 0.000000000e+00 0
23.cv3.2.2 4 128 1 1 1 1 0 0 1 0 0 0.000000000e+00 0.000000000e+00 0
23.one2one_cv2.0.0.conv 32 64 3 3 1 1 1 1 1 1 1 5.642558448e-03 -1.354214102e-01 0
23.one2one_cv2.0.1.conv 32 32 3 3 1 1 1 1 1 1 1 9.529379196e-03 -5.717627332e-02 0
23.one2one_cv2.0.2 4 32 1 1 1 1 0 0 1 1 0 5.868438166e-03 -2.288690805e-01 0
23.one2one_cv2.1.0.conv 32 128 3 3 1 1 1 1 1 1 1 4.690357484e-03 -7.973607630e-02 0
23.one2one_cv2.1.1.conv 32 32 3 3 1 1 1 1 1 1 1 7.300228346e-03 -6.570205092e-02 0
23.one2one_cv2.1.2 4 32 1 1 1 1 0 0 1 1 0 5.856560078e-03 -2.518320978e-01 0
23.one2one_cv2.2.0.conv 32 256 3 3 1 1 1 1 1 1 1 9.084631689e-03 -3.452159762e-01 0
23.one2one_cv2.2.1.conv 32 32 3 3 1 1 1 1 1 1 1 1.177984290e-02 -1.413581222e-01 0
23.one2one_cv2.2.2 4 32 1 1 1 1 0 0 1 1 0 5.103556905e-03 -1.480031461e-01 0
23.one2one_cv3.0.0.0.conv 64 64 3 3 1 1 1 1 64 1 1 1.989032514e-02 -2.784645557e-01 1
23.one2one_cv3.0.0.1.conv 128 64 1 1 1 1 0 0 1 1 1 1.213615201e-02 -1.092253625e-01 0
23.one2one_cv3.0.1.0.conv 128 128 3 3 1 1 1 1 128 1 1 8.190134540e-03 -2.784645557e-01 1
23.one2one_cv3.0.1.1.conv 128 128 1 1 1 1 0 0 1 1 1 5.610711128e-02 -1.683213264e-01 0
23.one2one_cv3.0.2 4 128 1 1 1 1 0 0 1 1 0 3.121625260e-02 -9.364876151e-02 0
23.one2one_cv3.1.0.0.conv 128 128 3 3 1 1 1 1 128 1 1 2.221696451e-02 -2.888205349e-01 1
23.one2one_cv3.1.0.1.conv 128 128 1 1 1 1 0 0 1 1 1 1.392138749e-02 -3.062705100e-01 0
23.one2one_cv3.1.1.0.conv 128 128 3 3 1 1 1 1 128 1 1 1.556038577e-02 -2.800869346e-01 1
23.one2one_cv3.1.1.1.conv 128 128 1 1 1 1 0 0 1 1 1 4.508656263e-02 -1.803462505e-01 0
23.one2one_cv3.1.2 4 128 1 1 1 1 0 0 1 1 0 3.533781320e-02 -7.067563385e-02 0
23.one2one_cv3.2.0.0.conv 256 256 3 3 1 1 1 1 256 1 1 2.591239754e-03 -2.798539102e-01 1
23.one2one_cv3.2.0.1.conv 128 256 1 1 1 1 0 0 1 1 1 8.341740817e-03 -4.337705374e-01 0
23.one2one_cv3.2.1.0.conv 128 128 3 3 1 1 1 1 128 1 1 1.113858167e-02 -2.784645259e-01 1
23.one2one_cv3.2.1.1.conv 128 128 1 1 1 1 0 0 1 1 1 1.324538235e-02 -2.913984060e-01 0
23.one2one_cv3.2.2 4 128 1 1 1 1 0 0 1 1 0 1.275016926e-02 -6.375084817e-02 0
